0.10331528545231612
2.254585472841340657e-02
-2.999983527225147384e-01
1.076162293000373082e-01
-1.237397668615361601e+00
3.883821043322920052e-02
4.743016869471641112e-02
-3.475748538135594971e-03
-7.550539537179883683e-04
9.991705368053879072e-03
-3.510369780312874027e-02
3.626228989267153702e-02
-2.155645922538715689e-02
-2.554867788083695079e-01
-1.296537962328190852e-01
-5.869201172495280101e-04
-1.690817793741601583e-03
-2.065233752755183949e-01
-7.105861333454461734e-03
-7.113529765411709394e-02
-1.336867124669083584e-01
-1.058141634987949387e-01
1.224066428228208325e+00
-1.254462580415822981e-02
-5.866546849482112691e-02
-1.246755720162294467e-02
1.562080647799248510e-02
9.362722825414965949e-03
-1.029812132950524810e-02
-9.596777034710393325e-03
3.902324220403124988e-02
3.674124663625328857e-01
-1.336225413025934616e-01
2.531004497918817181e-03
-5.471288189590787446e-04
-1.312106585532804015e-01
2.170758663262225274e-01
1.406747580729499902e-01
1.650693791999104376e-01
1.571493450956736038e-01
-1.783767216451115911e-01
1.098731822696298044e-01
-4.234399158837538063e-02
2.151750575102171978e-02
-5.037884392355748871e-03
-3.445503467417097149e-02
2.026693127931677996e-01
-5.023060266548612374e-02
1.790159407641771575e-02
-9.140459880374887658e-02
4.325044515033264758e-02
-9.017393598270992492e-04
9.396073235252329348e-04
2.005748825163315985e-01
-1.598047248576913992e-01
-1.748709550212094732e-01
-2.204650418434613290e-01
-4.521560413649926558e-01
9.477675014503652573e-01
-2.400854738161996571e-01
-2.147476191994867889e-01
1.959015255539340028e-01
-2.440296299504001939e-02
4.389289445071412749e-02
-2.236621639851150700e-01
9.027426253408476348e-03
-4.600010269135604291e-02
-5.907729053347307580e-02
-5.304398570789354839e-01
1.833345721672936584e-03
-1.847769119253413325e-03
8.324264515180986035e-02
-1.536650818917054406e-01
-1.831009798774267672e-02
-1.531486856512035977e-01
4.956905081738452457e-01
1.588740296135311869e+00
-1.228128818208396866e-01
-1.632957448280334123e-01
1.481420298734221763e-01
5.918725302415620004e-03
-7.960632846029004270e-03
-2.214821507094742736e-02
-5.382906242952043702e-02
-3.965396733064207452e-02
-1.557251068693156146e-02
-2.080577419632265862e-02
2.928205582352566907e-04
7.769541440690581717e-04
-9.603174833863792337e-02
-5.075224062044952911e-02
8.343621206560013215e-02
4.327083699143918771e-01
-1.243205845542398325e-01
-1.960777203792097190e+00
-1.444658306930183544e-01
-6.687590891704094098e-02
6.671591177340115142e-02
-2.993633297599029505e-02
-4.098602966293331262e-02
4.744557093624392485e-01
5.147490780902444496e-02
6.881442931253337059e-02
5.176056354253701780e-02
3.607513565270418221e-01
1.710655514908234268e-03
8.777455672285302928e-05
-9.795308309350946041e-02
3.062957441367968325e-01
-2.158855677774814893e-02
6.978122747607284904e-02
-4.743813135035739315e-01
3.544023024590432502e-01
1.695132120481268601e-02
-4.876609955549861264e-02
5.450861567299152520e-04
-2.394656699873356359e-02
4.010303906252223050e-02
-5.409071554765424450e-01
1.587755257487182686e-02
-8.886114920865738342e-02
-1.226261334778753209e-01
5.909152642576349923e-02
-2.498879483092564073e-03
-2.051089881135174562e-04
-6.254628867337758136e-02
2.382655217126942657e-02
-1.657216212770571406e-01
2.406175141846496335e-01
2.507576880213447934e-01
-5.007977274131240053e-01
-4.272098608524801944e-02
-2.557800162758417928e-01
1.582242039611690132e-01
-1.409120529067712201e-02
-1.379840658749440212e-03
2.464995814198221377e-02
-3.810145746992524979e-02
1.749363380592192097e-02
1.521361080968428592e-01
-1.166943234194281198e-01
1.104528131491769533e-03
-2.403241738061586211e-03
-2.345404414899173937e-02
-2.720309885632520852e-01
1.943002018446151058e-01
1.108016272328988361e+00
1.197641727095745123e+00
-2.828263620600089401e-01
-2.409517761708741268e-01
9.079621993274346325e-02
1.934715191809775470e-01
9.871701987690767455e-02
3.317539033365200091e-02
9.504323510230338057e-01
-7.694658051025995982e-02
2.423769993503455469e-02
1.407281936198296612e-01
6.994279537831317173e-01
1.268342453900762998e-04
4.032964178318728700e-04
-8.415744217618874312e-02
1.597525456743190686e-01
