-3.760103790790202
2.409492378265129631e+00
5.461810795070314029e-02
-4.907433080642327194e-01
1.948432276374455485e-01
5.268387488525752005e-01
-1.769041039597212817e-01
-3.111691067487085682e-01
-2.936733449494951298e+00
-6.567652863184710865e-01
3.591137935511261314e-02
1.099764381106045796e+00
5.545440159359199539e-01
2.417892741928318046e-01
-3.849279802700603104e-01
5.209167684793124253e-02
1.092238847280888381e+00
8.319405326959863900e-02
2.670117147103532873e-01
-3.429503341264024119e-01
-4.676622397754102156e-01
-1.322068547294628083e-01
7.416156860206314372e-01
-1.980618883272616815e-01
-3.113010767932406497e-01
1.124471794668973956e+00
-4.840860572759544261e-02
-6.031541873968055079e+00
0.000000000000000000e+00
2.688171831993479532e+00
1.087600895223276298e+00
-1.175926359429127599e+00
-1.665071439379018248e+00
-1.308465408398262531e+00
-1.045633326451218093e+00
-1.184305530648168459e+00
1.531697378291628331e+00
0.000000000000000000e+00
8.080546551469445227e-01
2.055148452625935873e-01
-7.168241157753150183e-01
4.260394608910757497e-01
9.543361150490756728e-01
6.702414519091876022e-01
-5.776886052113324732e-01
-1.677708747718239524e-01
1.342049796942132445e-01
-9.165562171696780558e-01
9.348739656605285775e-03
-3.708340344052872162e+00
7.238753924245607818e-01
-9.836853668809351081e-01
-6.208539069633535190e-01
5.539331079461966567e-01
-1.527341698802384684e+00
-7.829840548304440873e-01
-3.010938611451671743e-01
-1.270823089115319604e+00
-4.317941948438838717e-01
0.000000000000000000e+00
-4.919958817398272788e-01
-4.532921253055182120e-01
-1.135054669070985511e+00
-9.506967604069648248e-01
-7.290643542667890609e-01
0.000000000000000000e+00
-2.339522770958962550e+00
-1.420581019831322900e+00
0.000000000000000000e+00
3.241817465488556138e+01
2.921029858714327077e+00
3.077024532812225210e+00
4.370037506545256245e-01
1.508484632909854906e+00
4.897887054231992443e-01
-1.678816183744492596e-01
5.147858127630925429e-01
6.181154884979704889e-01
-2.115094544664650744e+00
-2.224056662969384757e-01
5.733261450171951434e-01
-8.424739396423486237e-01
-9.374886480065715011e-01
-5.470539995292175162e-01
5.276613503715782416e-01
2.161259902915001474e-01
-7.146642490091554833e-01
6.045341509481345632e-01
1.008229019868794429e+00
1.744114141007799823e-01
2.167473585028167615e-01
-9.965723654576547075e-01
-4.177730510863875146e-01
1.519224035254265470e-01
7.316646154243069411e-01
7.744844685994636269e-01
-1.688995991239307104e+00
-4.471929462869367322e-01
-1.112393362012475267e-01
1.994823240518772411e-01
1.240878542341031648e-01
-2.002931126135066187e+00
5.532227887242736203e-02
-7.144021812881896916e-02
-6.536128518258347286e-01
1.759522841470265442e-01
-4.223073659701473415e-01
8.807972973568358732e-01
-4.468676677770256900e-01
-2.238007748105040884e-01
-6.920331882297623416e-01
6.380832637214742253e-02
-6.448678555264573953e-02
-2.052312849854627530e-02
